"V1","V2","V3","V4","V5","V6","V7","V8","V9","V10","V11","V12","V13","V14","V15","V16","V17","V18","V19","V20"
8.9126559714795e-05,8.9126559714795e-05,8.9126559714795e-05,8.9126559714795e-05,8.9126559714795e-05,8.9126559714795e-05,8.9126559714795e-05,8.9126559714795e-05,8.9126559714795e-05,8.9126559714795e-05,0.0223707664884135,0.031283422459893,8.9126559714795e-05,8.9126559714795e-05,0.664081996434938,8.9126559714795e-05,8.9126559714795e-05,8.9126559714795e-05,0.280837789661319,8.9126559714795e-05
0.000154559505409583,0.332457496136012,0.000154559505409583,0.000154559505409583,0.000154559505409583,0.000154559505409583,0.000154559505409583,0.000154559505409583,0.000154559505409583,0.000154559505409583,0.000154559505409583,0.000154559505409583,0.216537867078825,0.000154559505409583,0.2629057187017,0.000154559505409583,0.000154559505409583,0.0697063369397218,0.116074188562597,0.000154559505409583
0.0129156010230179,0.000127877237851662,0.000127877237851662,0.000127877237851662,0.000127877237851662,0.000127877237851662,0.166368286445013,0.000127877237851662,0.000127877237851662,0.166368286445013,0.000127877237851662,0.000127877237851662,0.000127877237851662,0.108823529411765,0.000127877237851662,0.0129156010230179,0.000127877237851662,0.530818414322251,0.000127877237851662,0.000127877237851662
0.000102880658436214,0.000102880658436214,0.000102880658436214,0.000102880658436214,0.000102880658436214,0.385905349794239,0.221296296296296,0.000102880658436214,0.000102880658436214,0.000102880658436214,0.000102880658436214,0.000102880658436214,0.180144032921811,0.0875514403292181,0.000102880658436214,0.000102880658436214,0.000102880658436214,0.123559670781893,0.000102880658436214,0.000102880658436214
0.000106157112526539,0.0372611464968153,0.000106157112526539,0.085031847133758,0.000106157112526539,0.122186836518047,0.000106157112526539,0.000106157112526539,0.366348195329087,0.000106157112526539,0.000106157112526539,0.000106157112526539,0.000106157112526539,0.000106157112526539,0.201804670912951,0.0054140127388535,0.000106157112526539,0.000106157112526539,0.000106157112526539,0.180573248407643
9.73709834469328e-05,9.73709834469328e-05,9.73709834469328e-05,0.0244401168451801,9.73709834469328e-05,0.116942551119766,0.160759493670886,9.73709834469328e-05,9.73709834469328e-05,9.73709834469328e-05,9.73709834469328e-05,9.73709834469328e-05,0.0877312560856865,9.73709834469328e-05,0.506426484907498,9.73709834469328e-05,0.102336903602726,9.73709834469328e-05,9.73709834469328e-05,9.73709834469328e-05
6.24219725343321e-05,6.24219725343321e-05,0.00318352059925094,0.193570536828964,6.24219725343321e-05,6.24219725343321e-05,0.19669163545568,6.24219725343321e-05,6.24219725343321e-05,6.24219725343321e-05,6.24219725343321e-05,6.24219725343321e-05,0.0968164794007491,0.0437578027465668,6.24219725343321e-05,6.24219725343321e-05,6.24219725343321e-05,0.465106117353308,6.24219725343321e-05,6.24219725343321e-05
7.86163522012579e-05,7.86163522012579e-05,7.86163522012579e-05,0.137657232704403,7.86163522012579e-05,0.082625786163522,0.129795597484277,7.86163522012579e-05,0.16124213836478,0.110141509433962,7.86163522012579e-05,7.86163522012579e-05,0.082625786163522,7.86163522012579e-05,0.231996855345912,7.86163522012579e-05,7.86163522012579e-05,7.86163522012579e-05,0.0629716981132075,7.86163522012579e-05
7.86163522012579e-05,0.0236635220125786,0.534669811320755,7.86163522012579e-05,7.86163522012579e-05,7.86163522012579e-05,7.86163522012579e-05,7.86163522012579e-05,7.86163522012579e-05,7.86163522012579e-05,7.86163522012579e-05,7.86163522012579e-05,7.86163522012579e-05,0.141588050314465,7.86163522012579e-05,7.86163522012579e-05,7.86163522012579e-05,0.298820754716981,7.86163522012579e-05,7.86163522012579e-05
0.000120918984280532,0.000120918984280532,0.102902055622733,0.127085852478839,0.000120918984280532,0.000120918984280532,0.000120918984280532,0.000120918984280532,0.000120918984280532,0.435429262394196,0.000120918984280532,0.000120918984280532,0.000120918984280532,0.000120918984280532,0.000120918984280532,0.000120918984280532,0.000120918984280532,0.332648125755744,0.000120918984280532,0.000120918984280532
0.000374531835205993,0.000374531835205993,0.000374531835205993,0.3,0.000374531835205993,0.000374531835205993,0.000374531835205993,0.000374531835205993,0.000374531835205993,0.487265917602996,0.0940074906367041,0.000374531835205993,0.000374531835205993,0.000374531835205993,0.000374531835205993,0.000374531835205993,0.000374531835205993,0.112734082397004,0.000374531835205993,0.000374531835205993
0.000135685210312076,0.000135685210312076,0.0408412483039349,0.176526458616011,0.000135685210312076,0.000135685210312076,0.325780189959294,0.000135685210312076,0.000135685210312076,0.0476255088195387,0.0137042062415197,0.000135685210312076,0.000135685210312076,0.169742198100407,0.000135685210312076,0.000135685210312076,0.000135685210312076,0.224016282225237,0.000135685210312076,0.000135685210312076
0.000151057401812689,0.000151057401812689,0.000151057401812689,0.113444108761329,0.000151057401812689,0.000151057401812689,0.000151057401812689,0.000151057401812689,0.000151057401812689,0.0530211480362538,0.00770392749244713,0.000151057401812689,0.000151057401812689,0.0303625377643504,0.793202416918429,0.000151057401812689,0.000151057401812689,0.000151057401812689,0.000151057401812689,0.000151057401812689
8.424599831508e-05,8.424599831508e-05,8.424599831508e-05,8.424599831508e-05,8.424599831508e-05,0.00429654591406908,0.109604043807919,8.424599831508e-05,8.424599831508e-05,0.0127211457455771,8.424599831508e-05,8.424599831508e-05,8.424599831508e-05,8.424599831508e-05,0.872030328559393,8.424599831508e-05,8.424599831508e-05,8.424599831508e-05,8.424599831508e-05,8.424599831508e-05
2.93083235638921e-05,0.0308030480656506,2.93083235638921e-05,0.177344665885111,2.93083235638921e-05,2.93083235638921e-05,2.93083235638921e-05,0.0014947245017585,2.93083235638921e-05,2.93083235638921e-05,2.93083235638921e-05,2.93083235638921e-05,0.0542497069167644,0.0923505275498242,2.93083235638921e-05,2.93083235638921e-05,0.641881594372802,0.0014947245017585,2.93083235638921e-05,2.93083235638921e-05
5.14933058702369e-05,5.14933058702369e-05,5.14933058702369e-05,5.14933058702369e-05,5.14933058702369e-05,5.14933058702369e-05,0.0721421215242019,5.14933058702369e-05,5.14933058702369e-05,5.14933058702369e-05,5.14933058702369e-05,5.14933058702369e-05,5.14933058702369e-05,0.36307929969104,0.200875386199794,5.14933058702369e-05,5.14933058702369e-05,0.36307929969104,5.14933058702369e-05,5.14933058702369e-05
0.000251889168765743,0.000251889168765743,0.000251889168765743,0.000251889168765743,0.000251889168765743,0.000251889168765743,0.000251889168765743,0.995214105793451,0.000251889168765743,0.000251889168765743,0.000251889168765743,0.000251889168765743,0.000251889168765743,0.000251889168765743,0.000251889168765743,0.000251889168765743,0.000251889168765743,0.000251889168765743,0.000251889168765743,0.000251889168765743
4.64684014869889e-05,0.0279275092936803,4.64684014869889e-05,0.0511617100371747,4.64684014869889e-05,0.0256040892193309,4.64684014869889e-05,4.64684014869889e-05,4.64684014869889e-05,4.64684014869889e-05,4.64684014869889e-05,4.64684014869889e-05,4.64684014869889e-05,0.00934014869888476,0.160362453531599,4.64684014869889e-05,0.539079925650558,4.64684014869889e-05,0.185920074349442,4.64684014869889e-05
3.70782350760104e-05,3.70782350760104e-05,0.51542454579162,0.0741935483870968,3.70782350760104e-05,3.70782350760104e-05,3.70782350760104e-05,3.70782350760104e-05,3.70782350760104e-05,0.0334074898034854,0.0945865776789025,3.70782350760104e-05,3.70782350760104e-05,3.70782350760104e-05,3.70782350760104e-05,3.70782350760104e-05,0.270708194289952,0.00374490174267705,0.00745272525027809,3.70782350760104e-05
0.0292576419213974,0.000145560407569141,0.000145560407569141,0.0074235807860262,0.000145560407569141,0.0583697234352256,0.160262008733624,0.000145560407569141,0.000145560407569141,0.0802037845705968,0.000145560407569141,0.000145560407569141,0.000145560407569141,0.000145560407569141,0.502328966521106,0.000145560407569141,0.000145560407569141,0.160262008733624,0.000145560407569141,0.000145560407569141
0.000151057401812689,0.30226586102719,0.022809667673716,0.000151057401812689,0.000151057401812689,0.000151057401812689,0.521299093655589,0.000151057401812689,0.000151057401812689,0.000151057401812689,0.000151057401812689,0.000151057401812689,0.000151057401812689,0.000151057401812689,0.000151057401812689,0.000151057401812689,0.000151057401812689,0.151208459214501,0.000151057401812689,0.000151057401812689
6.38162093171666e-05,6.38162093171666e-05,6.38162093171666e-05,6.38162093171666e-05,6.38162093171666e-05,6.38162093171666e-05,6.38162093171666e-05,6.38162093171666e-05,6.38162093171666e-05,6.38162093171666e-05,0.0287811104020421,6.38162093171666e-05,0.0606892150606254,6.38162093171666e-05,0.909444798978941,6.38162093171666e-05,6.38162093171666e-05,6.38162093171666e-05,6.38162093171666e-05,6.38162093171666e-05
8.8339222614841e-05,0.0442579505300353,8.8339222614841e-05,8.8339222614841e-05,8.8339222614841e-05,8.8339222614841e-05,0.00892226148409894,8.8339222614841e-05,0.101678445229682,8.8339222614841e-05,8.8339222614841e-05,8.8339222614841e-05,8.8339222614841e-05,0.0884275618374558,0.640547703180212,8.8339222614841e-05,8.8339222614841e-05,8.8339222614841e-05,0.114929328621908,8.8339222614841e-05
0.00015220700152207,0.00015220700152207,0.00015220700152207,0.00015220700152207,0.00015220700152207,0.00015220700152207,0.00015220700152207,0.00015220700152207,0.00015220700152207,0.00015220700152207,0.00015220700152207,0.875342465753425,0.00015220700152207,0.00015220700152207,0.00015220700152207,0.00015220700152207,0.00015220700152207,0.00015220700152207,0.121917808219178,0.00015220700152207
0.000218818380743983,0.000218818380743983,0.000218818380743983,0.000218818380743983,0.000218818380743983,0.000218818380743983,0.000218818380743983,0.000218818380743983,0.000218818380743983,0.000218818380743983,0.000218818380743983,0.000218818380743983,0.0221006564551422,0.000218818380743983,0.952078774617068,0.0221006564551422,0.000218818380743983,0.000218818380743983,0.000218818380743983,0.000218818380743983
0.000107874865156419,0.000107874865156419,0.000107874865156419,0.0162891046386192,0.000107874865156419,0.000107874865156419,0.140345199568501,0.000107874865156419,0.000107874865156419,0.0486515641855448,0.000107874865156419,0.000107874865156419,0.00550161812297735,0.183495145631068,0.000107874865156419,0.000107874865156419,0.000107874865156419,0.232038834951456,0.3722761596548,0.000107874865156419
5.59597090095132e-05,5.59597090095132e-05,5.59597090095132e-05,0.12876329043089,5.59597090095132e-05,5.59597090095132e-05,5.59597090095132e-05,5.59597090095132e-05,0.00285394515948517,0.10917739227756,5.59597090095132e-05,5.59597090095132e-05,5.59597090095132e-05,0.142753217683268,5.59597090095132e-05,5.59597090095132e-05,0.299440402909905,0.316228315612759,5.59597090095132e-05,5.59597090095132e-05
7.34214390602056e-05,7.34214390602056e-05,0.0294419970631424,7.34214390602056e-05,7.34214390602056e-05,0.0551395007342144,0.187298091042584,7.34214390602056e-05,0.011086637298091,7.34214390602056e-05,7.34214390602056e-05,7.34214390602056e-05,7.34214390602056e-05,0.0441262848751835,7.34214390602056e-05,7.34214390602056e-05,0.671879588839941,7.34214390602056e-05,7.34214390602056e-05,7.34214390602056e-05
0.000148809523809524,0.000148809523809524,0.000148809523809524,0.000148809523809524,0.000148809523809524,0.000148809523809524,0.000148809523809524,0.000148809523809524,0.000148809523809524,0.000148809523809524,0.000148809523809524,0.000148809523809524,0.000148809523809524,0.000148809523809524,0.677232142857143,0.223363095238095,0.000148809523809524,0.096875,0.000148809523809524,0.000148809523809524
4.510599909788e-05,4.510599909788e-05,4.510599909788e-05,0.0744700045105999,4.510599909788e-05,4.510599909788e-05,0.0135769057284619,4.510599909788e-05,4.510599909788e-05,0.40148849797023,4.510599909788e-05,4.510599909788e-05,4.510599909788e-05,0.0541723049165539,0.0406405051871899,0.0767253044654939,0.338340099233198,4.510599909788e-05,4.510599909788e-05,4.510599909788e-05
0.000158227848101266,0.000158227848101266,0.000158227848101266,0.000158227848101266,0.000158227848101266,0.000158227848101266,0.000158227848101266,0.000158227848101266,0.00806962025316456,0.000158227848101266,0.000158227848101266,0.000158227848101266,0.000158227848101266,0.047626582278481,0.593512658227848,0.000158227848101266,0.000158227848101266,0.348259493670886,0.000158227848101266,0.000158227848101266
0.0780811232449298,7.8003120124805e-05,7.8003120124805e-05,7.8003120124805e-05,7.8003120124805e-05,7.8003120124805e-05,7.8003120124805e-05,7.8003120124805e-05,7.8003120124805e-05,7.8003120124805e-05,7.8003120124805e-05,7.8003120124805e-05,7.8003120124805e-05,0.0897815912636506,0.522698907956318,7.8003120124805e-05,7.8003120124805e-05,7.8003120124805e-05,0.308190327613105,7.8003120124805e-05
4.38212094653812e-05,4.38212094653812e-05,4.38212094653812e-05,0.103023663453111,4.38212094653812e-05,0.107405784399649,4.38212094653812e-05,4.38212094653812e-05,0.0701577563540754,4.38212094653812e-05,4.38212094653812e-05,4.38212094653812e-05,4.38212094653812e-05,4.38212094653812e-05,0.50398773006135,4.38212094653812e-05,4.38212094653812e-05,0.214767747589833,4.38212094653812e-05,4.38212094653812e-05
0.000123915737298637,0.0682775712515489,0.000123915737298637,0.000123915737298637,0.000123915737298637,0.000123915737298637,0.000123915737298637,0.000123915737298637,0.309913258983891,0.000123915737298637,0.00631970260223048,0.000123915737298637,0.000123915737298637,0.000123915737298637,0.297521685254027,0.000123915737298637,0.000123915737298637,0.000123915737298637,0.241759603469641,0.0744733581164808
9.37207122774133e-05,0.0375820056232427,9.37207122774133e-05,0.0422680412371134,9.37207122774133e-05,9.37207122774133e-05,9.37207122774133e-05,9.37207122774133e-05,0.0282099343955014,0.196907216494845,9.37207122774133e-05,9.37207122774133e-05,9.37207122774133e-05,0.178163074039363,9.37207122774133e-05,0.117244611059044,0.220337394564199,0.178163074039363,9.37207122774133e-05,9.37207122774133e-05
6.48508430609598e-05,6.48508430609598e-05,6.48508430609598e-05,0.0389753566796368,6.48508430609598e-05,6.48508430609598e-05,6.48508430609598e-05,6.48508430609598e-05,0.21083009079118,0.0973411154345006,6.48508430609598e-05,6.48508430609598e-05,6.48508430609598e-05,6.48508430609598e-05,0.0260051880674449,6.48508430609598e-05,6.48508430609598e-05,0.288651102464332,0.230285343709468,0.107068741893645
3.79218809252939e-05,3.79218809252939e-05,3.79218809252939e-05,3.79218809252939e-05,3.79218809252939e-05,0.130868411073189,3.79218809252939e-05,3.79218809252939e-05,0.0303754266211604,0.130868411073189,3.79218809252939e-05,3.79218809252939e-05,3.79218809252939e-05,0.100530906332954,3.79218809252939e-05,0.00951839211224877,0.411490329920364,0.0986348122866894,0.0872582480091013,3.79218809252939e-05
5.99880023995201e-05,5.99880023995201e-05,5.99880023995201e-05,5.99880023995201e-05,5.99880023995201e-05,0.0600479904019196,5.99880023995201e-05,5.99880023995201e-05,5.99880023995201e-05,0.159028194361128,5.99880023995201e-05,5.99880023995201e-05,5.99880023995201e-05,5.99880023995201e-05,0.27000599880024,5.99880023995201e-05,5.99880023995201e-05,0.50995800839832,5.99880023995201e-05,5.99880023995201e-05
0.000140449438202247,0.000140449438202247,0.000140449438202247,0.000140449438202247,0.000140449438202247,0.000140449438202247,0.000140449438202247,0.000140449438202247,0.000140449438202247,0.000140449438202247,0.000140449438202247,0.000140449438202247,0.014185393258427,0.000140449438202247,0.913061797752809,0.0703651685393258,0.000140449438202247,0.000140449438202247,0.000140449438202247,0.000140449438202247
3.99680255795364e-05,3.99680255795364e-05,0.455675459632294,0.0599920063948841,3.99680255795364e-05,3.99680255795364e-05,0.119944044764189,3.99680255795364e-05,3.99680255795364e-05,3.99680255795364e-05,0.147921662669864,3.99680255795364e-05,3.99680255795364e-05,3.99680255795364e-05,3.99680255795364e-05,3.99680255795364e-05,3.99680255795364e-05,0.0200239808153477,0.195883293365308,3.99680255795364e-05
0.000325732899022801,0.000325732899022801,0.000325732899022801,0.000325732899022801,0.000325732899022801,0.000325732899022801,0.749511400651466,0.000325732899022801,0.000325732899022801,0.000325732899022801,0.000325732899022801,0.000325732899022801,0.000325732899022801,0.000325732899022801,0.000325732899022801,0.000325732899022801,0.000325732899022801,0.244625407166124,0.000325732899022801,0.000325732899022801
0.000115340253748558,0.000115340253748558,0.000115340253748558,0.000115340253748558,0.000115340253748558,0.000115340253748558,0.150057670126874,0.000115340253748558,0.000115340253748558,0.225028835063437,0.000115340253748558,0.000115340253748558,0.121222606689735,0.000115340253748558,0.0462514417531719,0.144290657439446,0.000115340253748558,0.311534025374856,0.000115340253748558,0.000115340253748558
0.000139470013947001,0.0559274755927476,0.000139470013947001,0.209344490934449,0.000139470013947001,0.000139470013947001,0.0698744769874477,0.000139470013947001,0.000139470013947001,0.111715481171548,0.000139470013947001,0.000139470013947001,0.000139470013947001,0.223291492329149,0.000139470013947001,0.0489539748953975,0.000139470013947001,0.000139470013947001,0.27907949790795,0.000139470013947001
0.000107296137339056,0.000107296137339056,0.000107296137339056,0.354184549356223,0.000107296137339056,0.000107296137339056,0.00547210300429185,0.000107296137339056,0.000107296137339056,0.000107296137339056,0.000107296137339056,0.000107296137339056,0.182510729613734,0.000107296137339056,0.0591201716738197,0.000107296137339056,0.000107296137339056,0.397103004291845,0.000107296137339056,0.000107296137339056
7.86163522012579e-05,0.290959119496855,7.86163522012579e-05,7.86163522012579e-05,0.00794025157232704,7.86163522012579e-05,0.0629716981132075,7.86163522012579e-05,7.86163522012579e-05,7.86163522012579e-05,7.86163522012579e-05,7.86163522012579e-05,7.86163522012579e-05,0.13372641509434,0.456053459119497,7.86163522012579e-05,0.047248427672956,7.86163522012579e-05,7.86163522012579e-05,7.86163522012579e-05
0.000109051254089422,0.000109051254089422,0.000109051254089422,0.169138495092694,0.000109051254089422,0.000109051254089422,0.000109051254089422,0.000109051254089422,0.000109051254089422,0.000109051254089422,0.000109051254089422,0.000109051254089422,0.000109051254089422,0.000109051254089422,0.000109051254089422,0.000109051254089422,0.185496183206107,0.512649945474373,0.130970556161396,0.000109051254089422
9.83284169124877e-05,9.83284169124877e-05,0.0590953785644051,9.83284169124877e-05,9.83284169124877e-05,0.186922320550639,9.83284169124877e-05,0.00501474926253687,9.83284169124877e-05,0.0640117994100295,0.152507374631268,9.83284169124877e-05,9.83284169124877e-05,0.290167158308751,9.83284169124877e-05,9.83284169124877e-05,0.241002949852507,9.83284169124877e-05,9.83284169124877e-05,9.83284169124877e-05
9.98003992015968e-05,9.98003992015968e-05,0.224650698602794,0.129840319361277,9.98003992015968e-05,9.98003992015968e-05,9.98003992015968e-05,9.98003992015968e-05,9.98003992015968e-05,0.164770459081836,9.98003992015968e-05,9.98003992015968e-05,9.98003992015968e-05,9.98003992015968e-05,9.98003992015968e-05,0.05,0.269560878243513,9.98003992015968e-05,0.159780439121756,9.98003992015968e-05
0.000248756218905473,0.000248756218905473,0.000248756218905473,0.497761194029851,0.000248756218905473,0.0251243781094527,0.398258706467662,0.000248756218905473,0.0251243781094527,0.000248756218905473,0.05,0.000248756218905473,0.000248756218905473,0.000248756218905473,0.000248756218905473,0.000248756218905473,0.000248756218905473,0.000248756218905473,0.000248756218905473,0.000248756218905473
0.000123915737298637,0.000123915737298637,0.000123915737298637,0.216976456009913,0.000123915737298637,0.000123915737298637,0.000123915737298637,0.000123915737298637,0.000123915737298637,0.000123915737298637,0.000123915737298637,0.000123915737298637,0.000123915737298637,0.000123915737298637,0.415241635687732,0.0806691449814126,0.000123915737298637,0.000123915737298637,0.285130111524164,0.000123915737298637
0.27526283240569,6.18429189857761e-05,6.18429189857761e-05,6.18429189857761e-05,6.18429189857761e-05,6.18429189857761e-05,6.18429189857761e-05,6.18429189857761e-05,6.18429189857761e-05,0.012430426716141,6.18429189857761e-05,6.18429189857761e-05,6.18429189857761e-05,6.18429189857761e-05,0.343290043290043,0.0309833024118738,6.18429189857761e-05,0.191774891774892,0.14539270253556,6.18429189857761e-05
9.28505106778087e-05,9.28505106778087e-05,9.28505106778087e-05,0.831104921077066,9.28505106778087e-05,9.28505106778087e-05,0.0650882079851439,9.28505106778087e-05,9.28505106778087e-05,9.28505106778087e-05,9.28505106778087e-05,9.28505106778087e-05,0.102228412256267,9.28505106778087e-05,9.28505106778087e-05,9.28505106778087e-05,9.28505106778087e-05,9.28505106778087e-05,9.28505106778087e-05,9.28505106778087e-05
0.000106723585912487,0.160192102454642,0.715154749199573,0.0801494130202775,0.000106723585912487,0.000106723585912487,0.000106723585912487,0.000106723585912487,0.000106723585912487,0.000106723585912487,0.000106723585912487,0.000106723585912487,0.000106723585912487,0.000106723585912487,0.0267876200640341,0.000106723585912487,0.000106723585912487,0.000106723585912487,0.000106723585912487,0.0161152614727855
0.000134770889487871,0.000134770889487871,0.000134770889487871,0.775067385444744,0.000134770889487871,0.000134770889487871,0.000134770889487871,0.000134770889487871,0.000134770889487871,0.107951482479784,0.000134770889487871,0.000134770889487871,0.000134770889487871,0.000134770889487871,0.000134770889487871,0.114690026954178,0.000134770889487871,0.000134770889487871,0.000134770889487871,0.000134770889487871
6.40204865556978e-05,6.40204865556978e-05,6.40204865556978e-05,6.40204865556978e-05,6.40204865556978e-05,6.40204865556978e-05,6.40204865556978e-05,6.40204865556978e-05,6.40204865556978e-05,0.0928937259923175,6.40204865556978e-05,6.40204865556978e-05,6.40204865556978e-05,0.0768886043533931,0.470614596670935,6.40204865556978e-05,6.40204865556978e-05,0.131306017925736,0.227336747759283,6.40204865556978e-05
4.4404973357016e-05,4.4404973357016e-05,4.4404973357016e-05,4.4404973357016e-05,4.4404973357016e-05,4.4404973357016e-05,0.0844138543516874,4.4404973357016e-05,4.4404973357016e-05,0.266474245115453,4.4404973357016e-05,4.4404973357016e-05,4.4404973357016e-05,0.1199378330373,0.0577708703374778,4.4404973357016e-05,0.171003552397869,0.171003552397869,0.128818827708703,4.4404973357016e-05
0.0001194743130227,0.0001194743130227,0.0419354838709677,0.0001194743130227,0.0001194743130227,0.0001194743130227,0.0718040621266428,0.0001194743130227,0.0001194743130227,0.567622461170848,0.0001194743130227,0.0001194743130227,0.0359617682198327,0.0718040621266428,0.0001194743130227,0.101672640382318,0.107646356033453,0.0001194743130227,0.0001194743130227,0.0001194743130227
0.0575088339222615,8.8339222614841e-05,8.8339222614841e-05,8.8339222614841e-05,8.8339222614841e-05,8.8339222614841e-05,0.190017667844523,8.8339222614841e-05,8.8339222614841e-05,0.24743816254417,8.8339222614841e-05,8.8339222614841e-05,0.0795936395759717,0.167932862190813,8.8339222614841e-05,0.256272084805654,8.8339222614841e-05,8.8339222614841e-05,8.8339222614841e-05,8.8339222614841e-05
0.058419689119171,0.000129533678756477,0.000129533678756477,0.129663212435233,0.000129533678756477,0.000129533678756477,0.518264248704663,0.000129533678756477,0.000129533678756477,0.000129533678756477,0.000129533678756477,0.000129533678756477,0.000129533678756477,0.0325129533678756,0.000129533678756477,0.252720207253886,0.000129533678756477,0.000129533678756477,0.000129533678756477,0.00660621761658031
0.000203252032520325,0.000203252032520325,0.000203252032520325,0.000203252032520325,0.000203252032520325,0.101829268292683,0.884349593495935,0.000203252032520325,0.000203252032520325,0.000203252032520325,0.000203252032520325,0.000203252032520325,0.000203252032520325,0.0103658536585366,0.000203252032520325,0.000203252032520325,0.000203252032520325,0.000203252032520325,0.000203252032520325,0.000203252032520325
2.55297421496043e-05,2.55297421496043e-05,2.55297421496043e-05,0.0434260913964769,2.55297421496043e-05,2.55297421496043e-05,2.55297421496043e-05,2.55297421496043e-05,0.0191728363543528,0.0370436558590758,2.55297421496043e-05,2.55297421496043e-05,2.55297421496043e-05,0.0944855756956855,0.354888945621649,2.55297421496043e-05,0.426372223640541,2.55297421496043e-05,2.55297421496043e-05,0.0242787847842737
9.59692898272553e-05,9.59692898272553e-05,0.0576775431861804,9.59692898272553e-05,9.59692898272553e-05,9.59692898272553e-05,0.00489443378119002,9.59692898272553e-05,9.59692898272553e-05,0.0432821497120921,9.59692898272553e-05,9.59692898272553e-05,0.259213051823417,9.59692898272553e-05,0.614299424184261,9.59692898272553e-05,9.59692898272553e-05,0.0192898272552783,9.59692898272553e-05,9.59692898272553e-05
0.094256120527307,9.41619585687382e-05,9.41619585687382e-05,9.41619585687382e-05,9.41619585687382e-05,9.41619585687382e-05,9.41619585687382e-05,9.41619585687382e-05,0.117796610169492,0.169585687382298,0.0754237288135593,9.41619585687382e-05,9.41619585687382e-05,9.41619585687382e-05,0.0142184557438795,9.41619585687382e-05,9.41619585687382e-05,0.367325800376648,9.41619585687382e-05,0.160169491525424
0.000704225352112676,0.000704225352112676,0.000704225352112676,0.000704225352112676,0.000704225352112676,0.0711267605633803,0.106338028169014,0.000704225352112676,0.000704225352112676,0.81056338028169,0.000704225352112676,0.000704225352112676,0.000704225352112676,0.000704225352112676,0.000704225352112676,0.000704225352112676,0.000704225352112676,0.000704225352112676,0.000704225352112676,0.000704225352112676
0.00733478576615832,7.26216412490922e-05,0.0436456063907044,7.26216412490922e-05,7.26216412490922e-05,7.26216412490922e-05,0.207044299201162,7.26216412490922e-05,7.26216412490922e-05,0.0400145243282498,7.26216412490922e-05,7.26216412490922e-05,0.094480755265069,7.26216412490922e-05,7.26216412490922e-05,7.26216412490922e-05,7.26216412490922e-05,0.236092955700799,0.370442992011619,7.26216412490922e-05
8.68055555555556e-05,8.68055555555556e-05,8.68055555555556e-05,8.68055555555556e-05,8.68055555555556e-05,8.68055555555556e-05,8.68055555555556e-05,8.68055555555556e-05,8.68055555555556e-05,0.10859375,8.68055555555556e-05,8.68055555555556e-05,0.230121527777778,8.68055555555556e-05,0.625086805555556,8.68055555555556e-05,8.68055555555556e-05,8.68055555555556e-05,0.0348090277777778,8.68055555555556e-05
0.00010183299389002,0.168126272912424,0.00010183299389002,0.00010183299389002,0.00010183299389002,0.00010183299389002,0.00010183299389002,0.00010183299389002,0.10193482688391,0.00010183299389002,0.117209775967413,0.00010183299389002,0.00010183299389002,0.483808553971487,0.00010183299389002,0.0357433808553971,0.00010183299389002,0.0917515274949083,0.00010183299389002,0.00010183299389002
5.75705238917674e-05,5.75705238917674e-05,5.75705238917674e-05,5.75705238917674e-05,5.75705238917674e-05,5.75705238917674e-05,5.75705238917674e-05,5.75705238917674e-05,5.75705238917674e-05,5.75705238917674e-05,5.75705238917674e-05,5.75705238917674e-05,0.702417962003454,5.75705238917674e-05,0.23321819228555,5.75705238917674e-05,5.75705238917674e-05,0.0633851468048359,5.75705238917674e-05,5.75705238917674e-05
8.31946755407654e-05,8.31946755407654e-05,8.31946755407654e-05,8.31946755407654e-05,8.31946755407654e-05,8.31946755407654e-05,8.31946755407654e-05,8.31946755407654e-05,8.31946755407654e-05,0.116555740432612,8.31946755407654e-05,8.31946755407654e-05,0.0666389351081531,0.158153078202995,8.31946755407654e-05,8.31946755407654e-05,0.0791181364392679,8.31946755407654e-05,0.57828618968386,8.31946755407654e-05
0.000117370892018779,0.000117370892018779,0.000117370892018779,0.000117370892018779,0.000117370892018779,0.000117370892018779,0.000117370892018779,0.000117370892018779,0.000117370892018779,0.358098591549296,0.000117370892018779,0.000117370892018779,0.000117370892018779,0.000117370892018779,0.000117370892018779,0.000117370892018779,0.000117370892018779,0.2231220657277,0.416784037558685,0.000117370892018779
5.58035714285714e-05,5.58035714285714e-05,0.0279575892857143,0.0279575892857143,5.58035714285714e-05,0.0419084821428571,5.58035714285714e-05,5.58035714285714e-05,5.58035714285714e-05,0.0893415178571429,5.58035714285714e-05,5.58035714285714e-05,5.58035714285714e-05,0.145145089285714,5.58035714285714e-05,5.58035714285714e-05,0.661328125,0.00284598214285714,0.00284598214285714,5.58035714285714e-05
0.000102354145342886,0.194575230296827,0.000102354145342886,0.0154554759467758,0.000102354145342886,0.000102354145342886,0.445342886386899,0.000102354145342886,0.122927328556807,0.000102354145342886,0.000102354145342886,0.000102354145342886,0.000102354145342886,0.107574206755374,0.000102354145342886,0.102456499488229,0.0103377686796315,0.000102354145342886,0.000102354145342886,0.000102354145342886
9.68992248062015e-05,9.68992248062015e-05,9.68992248062015e-05,0.140600775193798,9.68992248062015e-05,9.68992248062015e-05,0.101841085271318,9.68992248062015e-05,0.0146317829457364,9.68992248062015e-05,0.106686046511628,9.68992248062015e-05,9.68992248062015e-05,9.68992248062015e-05,0.634786821705426,9.68992248062015e-05,9.68992248062015e-05,9.68992248062015e-05,9.68992248062015e-05,9.68992248062015e-05
4.76871721506915e-05,4.76871721506915e-05,4.76871721506915e-05,4.76871721506915e-05,4.76871721506915e-05,4.76871721506915e-05,4.76871721506915e-05,4.76871721506915e-05,4.76871721506915e-05,0.131187410586552,4.76871721506915e-05,4.76871721506915e-05,4.76871721506915e-05,4.76871721506915e-05,0.736814496900334,4.76871721506915e-05,0.00720076299475441,4.76871721506915e-05,0.124034334763949,4.76871721506915e-05
0.000128700128700129,0.000128700128700129,0.0323037323037323,0.000128700128700129,0.000128700128700129,0.115958815958816,0.0451737451737452,0.000128700128700129,0.000128700128700129,0.000128700128700129,0.0516087516087516,0.000128700128700129,0.392664092664093,0.000128700128700129,0.309009009009009,0.000128700128700129,0.000128700128700129,0.000128700128700129,0.000128700128700129,0.0516087516087516
7.68049155145929e-05,7.68049155145929e-05,7.68049155145929e-05,7.68049155145929e-05,7.68049155145929e-05,0.311136712749616,7.68049155145929e-05,7.68049155145929e-05,7.68049155145929e-05,7.68049155145929e-05,7.68049155145929e-05,7.68049155145929e-05,7.68049155145929e-05,0.387941628264209,7.68049155145929e-05,7.68049155145929e-05,7.68049155145929e-05,7.68049155145929e-05,0.299615975422427,7.68049155145929e-05
0.0418111753371869,6.42260757867694e-05,6.42260757867694e-05,6.42260757867694e-05,6.42260757867694e-05,6.42260757867694e-05,0.0161207450224791,6.42260757867694e-05,0.340462427745665,6.42260757867694e-05,6.42260757867694e-05,6.42260757867694e-05,6.42260757867694e-05,6.42260757867694e-05,0.436801541425819,0.089980732177264,6.42260757867694e-05,0.0739242132305716,6.42260757867694e-05,6.42260757867694e-05
0.000107874865156419,0.0432578209277238,0.000107874865156419,0.000107874865156419,0.000107874865156419,0.000107874865156419,0.383063646170442,0.000107874865156419,0.000107874865156419,0.000107874865156419,0.000107874865156419,0.000107874865156419,0.000107874865156419,0.000107874865156419,0.571844660194175,0.000107874865156419,0.000107874865156419,0.000107874865156419,0.000107874865156419,0.000107874865156419
0.000181159420289855,0.000181159420289855,0.000181159420289855,0.000181159420289855,0.000181159420289855,0.000181159420289855,0.299094202898551,0.000181159420289855,0.000181159420289855,0.000181159420289855,0.000181159420289855,0.000181159420289855,0.000181159420289855,0.000181159420289855,0.697644927536232,0.000181159420289855,0.000181159420289855,0.000181159420289855,0.000181159420289855,0.000181159420289855
0.000242718446601942,0.000242718446601942,0.21868932038835,0.327912621359223,0.000242718446601942,0.000242718446601942,0.000242718446601942,0.000242718446601942,0.000242718446601942,0.000242718446601942,0.0730582524271845,0.000242718446601942,0.000242718446601942,0.000242718446601942,0.000242718446601942,0.000242718446601942,0.000242718446601942,0.255097087378641,0.000242718446601942,0.121601941747573
8.424599831508e-05,8.424599831508e-05,8.424599831508e-05,0.155939342881213,8.424599831508e-05,8.424599831508e-05,8.424599831508e-05,8.424599831508e-05,8.424599831508e-05,8.424599831508e-05,8.424599831508e-05,8.424599831508e-05,8.424599831508e-05,8.424599831508e-05,0.791996630160067,8.424599831508e-05,8.424599831508e-05,8.424599831508e-05,8.424599831508e-05,0.0506318449873631
0.0652711050102951,6.86341798215511e-05,6.86341798215511e-05,6.86341798215511e-05,6.86341798215511e-05,0.0378174330816747,0.576595744680851,6.86341798215511e-05,0.00350034317089911,6.86341798215511e-05,0.0446808510638298,6.86341798215511e-05,6.86341798215511e-05,6.86341798215511e-05,0.188812628689087,6.86341798215511e-05,6.86341798215511e-05,6.86341798215511e-05,6.86341798215511e-05,0.0824296499656829
3.11332503113325e-05,0.00625778331257783,3.11332503113325e-05,0.0576276463262765,3.11332503113325e-05,3.11332503113325e-05,3.11332503113325e-05,3.11332503113325e-05,3.11332503113325e-05,0.141687422166874,3.11332503113325e-05,3.11332503113325e-05,3.11332503113325e-05,0.00158779576587796,0.347166874221669,0.146357409713574,0.0685242839352428,3.11332503113325e-05,0.230417185554172,3.11332503113325e-05
0.000106157112526539,0.0319532908704883,0.000106157112526539,0.000106157112526539,0.000106157112526539,0.36104033970276,0.000106157112526539,0.000106157112526539,0.000106157112526539,0.000106157112526539,0.000106157112526539,0.000106157112526539,0.000106157112526539,0.0107218683651805,0.000106157112526539,0.0956475583864119,0.0956475583864119,0.403503184713376,0.000106157112526539,0.000106157112526539
3.85059684251059e-05,3.85059684251059e-05,3.85059684251059e-05,3.85059684251059e-05,3.85059684251059e-05,3.85059684251059e-05,3.85059684251059e-05,3.85059684251059e-05,0.585329226030035,3.85059684251059e-05,3.85059684251059e-05,3.85059684251059e-05,3.85059684251059e-05,3.85059684251059e-05,0.352368117058144,3.85059684251059e-05,0.0616480554485945,3.85059684251059e-05,3.85059684251059e-05,3.85059684251059e-05
6.05326876513317e-05,6.05326876513317e-05,6.05326876513317e-05,6.05326876513317e-05,6.05326876513317e-05,6.05326876513317e-05,0.127179176755448,6.05326876513317e-05,0.0121670702179177,6.05326876513317e-05,6.05326876513317e-05,6.05326876513317e-05,0.130205811138015,0.166525423728814,0.305750605326877,6.05326876513317e-05,6.05326876513317e-05,0.257324455205811,6.05326876513317e-05,6.05326876513317e-05
0.0341373885684321,5.24383848977451e-05,0.0288935500786576,0.0577346617724174,5.24383848977451e-05,0.0184058730991085,5.24383848977451e-05,5.24383848977451e-05,0.00791819611955952,5.24383848977451e-05,5.24383848977451e-05,5.24383848977451e-05,0.162611431567908,5.24383848977451e-05,0.456266386995281,5.24383848977451e-05,5.24383848977451e-05,5.24383848977451e-05,0.233403251179864,5.24383848977451e-05
9.55109837631328e-05,0.0382999044890162,0.0765042979942693,0.372588347659981,9.55109837631328e-05,9.55109837631328e-05,0.0908309455587392,9.55109837631328e-05,9.55109837631328e-05,9.55109837631328e-05,9.55109837631328e-05,9.55109837631328e-05,9.55109837631328e-05,0.157688634192932,9.55109837631328e-05,9.55109837631328e-05,9.55109837631328e-05,0.262750716332378,9.55109837631328e-05,9.55109837631328e-05
7.86163522012579e-05,7.86163522012579e-05,0.13372641509434,7.86163522012579e-05,7.86163522012579e-05,7.86163522012579e-05,7.86163522012579e-05,7.86163522012579e-05,0.224135220125786,7.86163522012579e-05,0.463915094339623,7.86163522012579e-05,7.86163522012579e-05,7.86163522012579e-05,0.176965408805031,7.86163522012579e-05,7.86163522012579e-05,7.86163522012579e-05,7.86163522012579e-05,7.86163522012579e-05
5.27148128624143e-05,5.27148128624143e-05,5.27148128624143e-05,0.116025303110174,5.27148128624143e-05,0.050131787032156,5.27148128624143e-05,5.27148128624143e-05,0.289984185556141,0.0949393779652082,5.27148128624143e-05,5.27148128624143e-05,5.27148128624143e-05,0.00268845545598313,5.27148128624143e-05,0.068581971534001,5.27148128624143e-05,0.376963626779125,5.27148128624143e-05,5.27148128624143e-05
3.87296669248644e-05,0.180131680867545,0.062006196746708,3.87296669248644e-05,3.87296669248644e-05,3.87296669248644e-05,0.0503872966692486,3.87296669248644e-05,3.87296669248644e-05,0.466731216111542,3.87296669248644e-05,3.87296669248644e-05,0.096862896979086,3.87296669248644e-05,0.00197521301316809,3.87296669248644e-05,0.120100697134005,3.87296669248644e-05,0.0213400464756003,3.87296669248644e-05
0.000342465753424657,0.000342465753424657,0.000342465753424657,0.000342465753424657,0.000342465753424657,0.0345890410958904,0.291438356164384,0.000342465753424657,0.000342465753424657,0.668150684931507,0.000342465753424657,0.000342465753424657,0.000342465753424657,0.000342465753424657,0.000342465753424657,0.000342465753424657,0.000342465753424657,0.000342465753424657,0.000342465753424657,0.000342465753424657
9.03342366757001e-05,9.03342366757001e-05,9.03342366757001e-05,9.03342366757001e-05,9.03342366757001e-05,9.03342366757001e-05,0.280126467931346,9.03342366757001e-05,9.03342366757001e-05,0.266576332429991,0.0271906052393857,9.03342366757001e-05,9.03342366757001e-05,0.0181571815718157,0.406594399277326,9.03342366757001e-05,9.03342366757001e-05,9.03342366757001e-05,9.03342366757001e-05,9.03342366757001e-05
0.168529170090386,8.21692686935086e-05,8.21692686935086e-05,0.00419063270336894,8.21692686935086e-05,8.21692686935086e-05,0.250698438783895,8.21692686935086e-05,8.21692686935086e-05,0.115119145439606,8.21692686935086e-05,8.21692686935086e-05,8.21692686935086e-05,8.21692686935086e-05,0.197288414133114,8.21692686935086e-05,8.21692686935086e-05,0.258915365653246,8.21692686935086e-05,0.00419063270336894
9.28505106778087e-05,9.28505106778087e-05,9.28505106778087e-05,9.28505106778087e-05,9.28505106778087e-05,9.28505106778087e-05,0.181151346332405,9.28505106778087e-05,0.0140204271123491,9.28505106778087e-05,9.28505106778087e-05,9.28505106778087e-05,9.28505106778087e-05,9.28505106778087e-05,0.533983286908078,9.28505106778087e-05,9.28505106778087e-05,9.28505106778087e-05,0.269359331476323,9.28505106778087e-05
6.86341798215511e-05,0.0789979409746054,0.0172271791352093,6.86341798215511e-05,6.86341798215511e-05,6.86341798215511e-05,0.175085792724777,6.86341798215511e-05,6.86341798215511e-05,0.0103637611530542,0.130473575840769,6.86341798215511e-05,6.86341798215511e-05,6.86341798215511e-05,0.370693205216198,6.86341798215511e-05,0.140768702814001,0.0755662319835278,6.86341798215511e-05,6.86341798215511e-05
6.635700066357e-05,6.635700066357e-05,6.635700066357e-05,6.635700066357e-05,6.635700066357e-05,6.635700066357e-05,6.635700066357e-05,6.635700066357e-05,6.635700066357e-05,0.905839416058394,6.635700066357e-05,6.635700066357e-05,6.635700066357e-05,0.0664233576642336,6.635700066357e-05,6.635700066357e-05,6.635700066357e-05,6.635700066357e-05,0.0266091572660916,6.635700066357e-05
0.000135685210312076,0.380054274084125,0.0747625508819539,0.000135685210312076,0.000135685210312076,0.129036635006784,0.000135685210312076,0.000135685210312076,0.000135685210312076,0.000135685210312076,0.000135685210312076,0.000135685210312076,0.000135685210312076,0.183310719131615,0.230800542740841,0.000135685210312076,0.000135685210312076,0.000135685210312076,0.000135685210312076,0.000135685210312076
